0.023219954	654.033	[1] 
0.034829931	654.442	[1] 
0.046439909	652.33	[1] 
0.058049886	650.131	[1] 
0.069659863	650.033	[1] 
0.081269841	646.238	[1] 
0.092879818	643.997	[1] 
0.104489795	643.791	[1] 
0.116099773	641.47	[1] 
0.127709750	639.751	[1] 
0.139319727	345.967	[1] 
0.150929705	356.759	[1] 
0.162539682	357.792	[1] 
0.174149659	358.537	[1] 
0.185759637	342.945	[1] 
0.197369614	342.708	[1] 
0.208979591	342.203	[1] 
0.220589569	341.504	[1] 
0.232199546	343.568	[1] 
0.243809523	343.712	[1] 
0.255419501	344.327	[1] 
0.267029478	346.639	[1] 
0.278639455	345.637	[1] 
0.290249433	356.355
0.301859410	439.259
0.313469387	424.188
0.325079365	424.23	[1] 
0.336689342	417.867	[1] 
0.348299319	406.806	[1] 
0.359909297	406.574	[1] 
0.371519274	405.046	[1] 
0.383129251	405.487	[1] 
0.394739229	404.389	[1] 
0.406349206	404.958	[1] 
0.417959183	404.321	[1] 
0.429569160	405.752	[1] 
0.441179138	404.925	[1] 
0.452789115	406.794	[1] 
0.464399092	406.149	[1] 
0.476009070	407.344	[1] 
0.487619047	406.604
0.499229024	407.199
0.510839002	457.304	[1] 
0.522448979	483.574	[1] 
0.534058956	486.426	[1] 
0.545668934	487.438	[1] 
0.557278911	482.192	[1] 
0.568888888	375.701	[1] 
0.580498866	385.813	[1] 
0.592108843	389.883	[1] 
0.603718820	387.947	[1] 
0.615328798	213.59	[1] 
0.626938775	396.691	[1] 
0.638548752	402.675	[1] 
0.650158730	402.171	[1] 
0.661768707	401.95	[1] 
0.673378684	411.413	[1] 
0.684988662	402.029	[1] 
0.696598639	204.632	[1] 
0.708208616	399.985	[1] 
0.719818594	540.489	[1] 
0.731428571	316.851
0.743038548	590.781	[1] 
0.754648526	607.074	[1] 
0.766258503	613.119	[1] 
0.777868480	616.607	[1] 
0.789478458	618.523	[1] 
0.801088435	619.8	[1] 
0.812698412	622.526	[1] 
0.824308390	625.507	[1] 
0.835918367	313.846
0.847528344	318.395
0.859138321	320.616
0.870748299	322.223
0.882358276	323.248
0.893968253	322.363	[1] 
0.905578231	318.878	[1] 
0.917188208	388.1	[1] 
0.928798185	516.285	[1] 
0.940408163	387.202	[1] 
0.952018140	384.589	[1] 
0.963628117	383.504	[1] 
0.975238095	381.157	[1] 
0.986848072	376.801	[1] 
0.998458049	310.234	[1] 
1.010068027	307.972	[1] 
1.021678004	305.117	[1] 
1.033287981	300.005	[1] 
1.044897959	296.669	[1] 
1.056507936	288.94	[1] 
1.068117913	289.976	[1] 
1.079727891	286.1	[1] 
1.091337868	295.925
1.102947845	623.869	[1] 
1.114557823	640.833
1.126167800	648.277
1.137777777	651.027
1.149387755	656.774	[1] 
1.160997732	658.113	[1] 
1.172607709	658.583	[1] 
1.184217687	659.041	[1] 
1.195827664	659.437	[1] 
1.207437641	659.921	[1] 
1.219047619	660.285	[1] 
1.230657596	659.964	[1] 
1.242267573	660.083	[1] 
1.253877551	660.598	[1] 
1.265487528	660.321	[1] 
1.277097505	662.645	[1] 
1.288707482	661.974	[1] 
1.300317460	662.289	[1] 
1.311927437	661.916	[1] 
1.323537414	661.06	[1] 
1.335147392	664.609	[1] 
1.346757369	661.704	[1] 
1.358367346	665.675	[1] 
1.369977324	663.096	[1] 
1.381587301	664.135	[1] 
1.393197278	664.362	[1] 
1.404807256	662.023	[1] 
1.416417233	664.324	[1] 
1.428027210	659.704	[1] 
1.439637188	663.588	[1] 
1.451247165	660.823	[1] 
1.462857142	660.246	[1] 
1.474467120	660.512	[1] 
1.486077097	651.522	[1] 
1.497687074	653.284	[1] 
1.509297052	645.187	[1] 
1.520907029	642.441	[1] 
